252645135
252645195
252645336
252645360
252652815
252656655
252656880
252691215
252691440
252695055
252698895
252702735
252702960
253678110
254611245
254618925
255594255
255652080
256577295
256577355
259190799
259526415
260509455
260960271
263458575
263458635
264441615
264499440
265482450
267390735
267390795
267390960
267416079
267422991
267448335
267448359
267448560
505290270
505336350
509222490
517136850
517140690
521018910
568251090
570174960
570217200
695036265
755961615
755969295
756011535
756019215
756994590
757927725
757931565
757935405
757939245
764265357
764269197
764273037
764276877
921712188
1010580540
1016918172
1016918172
1511938590
1231776105
1259293455
1259293515
1259293560
1259293680
1263225615
1263225675
1267157835
1267157880
1271089995
1752787305
1768515945
1799965515
1831415085
1921479288
1924428408
2018211960
2018212020
2018212080
2019194970
2021161080
2072267535
2072267595
2076199695
2076199755
2076199920
2218767375
2218767540
2218767600
2222699700
2222699760
2273806215
2275772325
2276755215
2276755275
2276755335
252648975
2370538887
2463552210
2526451350
2777130375
2783028705
3027809415
3031741620
3035673615
3035673780
3063191190
3530698098
3537028050
3537035730
3537972705
3538955760
3539005680
3724750095
3726716205
3777826605
3785744805
3789677025
4027518936
4027544304
4027576335
4027576560
4030467855
4031508660
4034007024
4035440880
4038389940
4039315215
4040348370
4041289185
4042264560
4042272240
263458575
264441615
265482450
267390795
267416079
267448335
267448560
505336350
517136850
521018910
570174960
695036265
755969295
756019215
757927725
757935405
764265357
764273037
921712188
1016918172
1511938590
1259293455
1259293560
1263225615
1267157835