01001011100001110100101101111000 517136850 10
01001011000011110100101101111000 517140690 12
00101101000111101101001000011110 2018212020 10
00001111000111101101001000011110 2018212080 12
10100101111000011010010111100001 2275772325 16
11010010111000010010110111100001 2276755275 14
11100001101001011110000110100101 2777130375 16
10000111101001011000011110100101 2783028705 14
11100001001011010001111000101101 3027809415 8
11110000001011010000111100101101 3035673615 8
01001011110000110100101101001011 3537028050 8
01001011100001110100101101001011 3537035730 8
10000111101101001000011101001011 3537972705 8
00001111101101000000111101001011 3538955760 10
10100101100001111010010110000111 3785744805 18
00001111000011111111000000001111 4027576560 14
11110000111100000011110000001111 4030467855 16
00101101000011111101001000001111 4031508660 8
11110000111100001100001100001111 4039315215 16
01001011100001110100101101111000 517136850 10
