01001011100001110100101101111000 517136850 8
01001011000011110100101101111000 517140690 6
00101101000111101101001000011110 2018212020 8
00001111000111101101001000011110 2018212080 6
11100001111000011110000111100001 2273806215 12
10100101111000011010010111100001 2275772325 14
11100001101001011110000110100101 2777130375 10
10000111101001011000011110100101 2783028705 10
11100001001011010001111000101101 3027809415 12
11110000001011010000111100101101 3035673615 8
01001011110000110100101101001011 3537028050 2
01001011100001110100101101001011 3537035730 2
10000111101101001000011101001011 3537972705 12
00001111101101000000111101001011 3538955760 10
10100101100001111010010110000111 3785744805 12
00001111000011111111000000001111 4027576560 10
11110000111100000011110000001111 4030467855 14
00101101000011111101001000001111 4031508660 2
11110000111100001100001100001111 4039315215 10
10000111101101001000011100001111 4041289185 12
01001011100001110100101101111000 517136850 8
