01001011100001110100101101111000 517136850 6
01001011000011110100101101111000 517140690 10
00101101000111101101001000011110 2018212020 6
00001111000111101101001000011110 2018212080 10
11100001111000011110000111100001 2273806215 6
11110000111000010010110111100001 2276755215 8
11100001101001011110000110100101 2777130375 8
10000111101001011000011110100101 2783028705 6
11100001001011010001111000101101 3027809415 6
11110000001011010000111100101101 3035673615 4
01001011110000110100101101001011 3537028050 4
01001011100001110100101101001011 3537035730 4
10000111101101001000011101001011 3537972705 6
00001111101101000000111101001011 3538955760 8
10110100111100001011010010000111 3777826605 8
10100101100001111010010110000111 3785744805 10
00001111000011111111000000001111 4027576560 6
00101101000011111101001000001111 4031508660 4
11110000111100001100001100001111 4039315215 8
01001011100001110100101101111000 517136850 6
