00001111000011111100001111110000 264499440 34
01001011100001110100101101111000 517136850 14
01001011000011110100101101111000 517140690 18
00101101000111101101001000011110 2018212020 14
00001111000111101101001000011110 2018212080 18
01011010000111100101101000011110 2019194970 34
11100001101001011110000110100101 2777130375 34
10000111101001011000011110100101 2783028705 40
11100001001011010001111000101101 3027809415 10
11110000001011010000111100101101 3035673615 12
00101101001011010000111100101101 3035673780 44
01001011110000110100101101001011 3537028050 4
01001011100001110100101101001011 3537035730 8
10000111101101001000011101001011 3537972705 10
00001111101101000000111101001011 3538955760 16
10100101100001111010010110000111 3785744805 38
00101101000011111101001000001111 4031508660 8
11110000111100001100001100001111 4039315215 34
10000111101101001000011100001111 4041289185 34
00001111101101000000111100001111 4042272240 44
01001011100001110100101101111000 517136850 14
