00001111000011111100001111110000 264499440 26
01001011100001110100101101111000 517136850 6
01001011000011110100101101111000 517140690 14
00101101000111101101001000011110 2018212020 6
00001111000111101101001000011110 2018212080 14
01011010000111100101101000011110 2019194970 26
11100001111000011110000111100001 2273806215 26
11010010111000010010110111100001 2276755275 26
11100001101001011110000110100101 2777130375 18
10000111101001011000011110100101 2783028705 14
11100001001011010001111000101101 3027809415 14
11110000001011010000111100101101 3035673615 12
01001011110000110100101101001011 3537028050 6
01001011100001110100101101001011 3537035730 6
10000111101101001000011101001011 3537972705 14
00001111101101000000111101001011 3538955760 14
10100101100001111010010110000111 3785744805 24
00001111000011111111000000001111 4027576560 24
00101101000011111101001000001111 4031508660 6
11110000111100001100001100001111 4039315215 18
10000111101101001000011100001111 4041289185 24
01001011100001110100101101111000 517136850 6
