11110000111100001111000011110000 252645135 512
11010010111100001111000011110000 252645195 434
00011011111100001111000011110000 252645336 239
00001111111100001111000011110000 252645360 152
11110000101101001111000011110000 252652815 418
11110000001111001111000011110000 252656655 356
00001111001111001111000011110000 252656880 112
11110000110000111111000011110000 252691215 288
00001111110000111111000011110000 252691440 98
11110000010010111111000011110000 252695055 234
11110000100001111111000011110000 252698895 234
11110000000011111111000011110000 252702735 196
00001111000011111111000011110000 252702960 102
01111000010010110111100011110000 253678110 122
10110100111100001011010011110000 254611245 288
10110100101101001011010011110000 254618925 234
11110000111100000011110011110000 255594255 288
00001111000011110011110011110000 255652080 38
11110000111100001101001011110000 256577295 418
11010010111100001101001011110000 256577355 356
11110000000011110100111011110000 259190799 142
11110000111100000001111011110000 259526415 234
11110000111100001110000111110000 260509455 346
11110000000011111011000111110000 260960271 143
11110000111100000010110111110000 263458575 182
11010010111100000010110111110000 263458635 140
11110000111100001100001111110000 264441615 308
00001111000011111100001111110000 264499440 18
01001011000011110100101111110000 265482450 32
11110000111100000000111111110000 267390735 166
11010010111100000000111111110000 267390795 150
00001111111100000000111111110000 267390960 52
11110000010011100000111111110000 267416079 201
11110000101100010000111111110000 267422991 134
11110000000011110000111111110000 267448335 52
11100100000011110000111111110000 267448359 146
00001111000011110000111111110000 267448560 50
01111000011110000111100001111000 505290270 152
01111000010010110111100001111000 505336350 98
01011010011110000101101001111000 509222490 112
01001011100001110100101101111000 517136850 8
01001011000011110100101101111000 517140690 6
01111000011110000111000011111000 521018910 256
01001011010010110111101110000100 568251090 181
00001111101101000011111110000100 570174960 163
00001111010010110011111110000100 570217200 204
10010110100101101011011010010100 695036265 143
11110000111100001111000010110100 755961615 346
11110000101101001111000010110100 755969295 308
11110000010010111111000010110100 756011535 166
11110000000011111111000010110100 756019215 174
01111000010010110111100010110100 756994590 62
10110100111100001011010010110100 757927725 182
10110100011110001011010010110100 757931565 140
10110100101101001011010010110100 757935405 166
10110100001111001011010010110100 757939245 150
10110001110000111011000110110100 764265357 165
10110001010010111011000110110100 764269197 162
10110001100001111011000110110100 764273037 165
10110001000011111011000110110100 764276877 158
00111100011011000000111101101100 921712188 274
00111100001111000011110000111100 1010580540 52
00111001000011110011100100111100 1016918172 130
00111001000011110011100100111100 1016918172 130
01111000010110100111100001011010 1511938590 98
10010110100101101101011010010010 1231776105 122
11110000110100101111000011010010 1259293455 288
11010010110100101111000011010010 1259293515 234
00011110110100101111000011010010 1259293560 122
00001111110100101111000011010010 1259293680 98
11110000110100101101001011010010 1263225615 234
11010010110100101101001011010010 1263225675 196
11010010110100101110000111010010 1267157835 166
00011110110100101110000111010010 1267157880 62
11010010110100101100001111010010 1271089995 174
10010110100101101001111000010110 1752787305 134
10010110100101101001011010010110 1768515945 52
11010010110100101001001011010110 1799965515 159
10110100101101001001010010110110 1831415085 133
00011110010011101110000101001110 1921479288 291
00011110010011100010110101001110 1924428408 354
00011110000111101101001000011110 2018211960 32
00101101000111101101001000011110 2018212020 8
00001111000111101101001000011110 2018212080 6
01011010000111100101101000011110 2019194970 18
00011110000111100001111000011110 2021161080 50
11110000110100100010000111011110 2072267535 190
11010010110100100010000111011110 2072267595 183
11110000110100100000001111011110 2076199695 189
11010010110100100000001111011110 2076199755 178
00001111110100100000001111011110 2076199920 143
11110000001011011111110000100001 2218767375 238
00101101001011011111110000100001 2218767540 215
00001111001011011111110000100001 2218767600 218
00101101001011011101111000100001 2222699700 213
00001111001011011101111000100001 2222699760 220
11100001111000011110000111100001 2273806215 12
10100101111000011010010111100001 2275772325 14
11110000111000010010110111100001 2276755215 20
11010010111000010010110111100001 2276755275 20
11100001111000010010110111100001 2276755335 32
11110000011110001111000011110000 252648975 434
11100001101100011101001010110001 2370538887 148
01001011010010110110101101001001 2463552210 133
01101001011010010110100101101001 2526451350 32
11100001101001011110000110100101 2777130375 10
10000111101001011000011110100101 2783028705 10
11100001001011010001111000101101 3027809415 12
00101101001011010010110100101101 3031741620 20
11110000001011010000111100101101 3035673615 8
00101101001011010000111100101101 3035673780 18
01101001011010010010100101101101 3063191190 121
01001110101101000100111001001011 3530698098 244
01001011110000110100101101001011 3537028050 2
01001011100001110100101101001011 3537035730 2
10000111101101001000011101001011 3537972705 12
00001111101101000000111101001011 3538955760 10
00001111000011110000111101001011 3539005680 90
11110000101101001100000001111011 3724750095 255
10110100101101001000010001111011 3726716205 196
10110100111100001011010010000111 3777826605 20
10100101100001111010010110000111 3785744805 12
10000111100001111000011110000111 3789677025 20
00011011111100001111000000001111 4027518936 135
00001111010011101111000000001111 4027544304 207
11110000000011111111000000001111 4027576335 32
00001111000011111111000000001111 4027576560 10
11110000111100000011110000001111 4030467855 14
00101101000011111101001000001111 4031508660 2
00001111111100000100111000001111 4034007024 140
00001111000011111110000100001111 4035440880 20
00101101000011110010110100001111 4038389940 100
11110000111100001100001100001111 4039315215 10
01001011010010110100101100001111 4040348370 20
10000111101101001000011100001111 4041289185 12
00001111111100000000111100001111 4042264560 20
00001111101101000000111100001111 4042272240 18
11110000111100000010110111110000 263458575 182
11110000111100001100001111110000 264441615 308
01001011000011110100101111110000 265482450 32
11010010111100000000111111110000 267390795 150
11110000010011100000111111110000 267416079 201
11110000000011110000111111110000 267448335 52
00001111000011110000111111110000 267448560 50
01111000010010110111100001111000 505336350 98
01001011100001110100101101111000 517136850 8
01111000011110000111000011111000 521018910 256
00001111101101000011111110000100 570174960 163
10010110100101101011011010010100 695036265 143
11110000101101001111000010110100 755969295 308
11110000000011111111000010110100 756019215 174
10110100111100001011010010110100 757927725 182
10110100101101001011010010110100 757935405 166
10110001110000111011000110110100 764265357 165
10110001100001111011000110110100 764273037 165
00111100011011000000111101101100 921712188 274
00111001000011110011100100111100 1016918172 130
01111000010110100111100001011010 1511938590 98
11110000110100101111000011010010 1259293455 288
00011110110100101111000011010010 1259293560 122
11110000110100101101001011010010 1263225615 234
11010010110100101110000111010010 1267157835 166
