11110000111100001111000011110000 252645135 2048
11010010111100001111000011110000 252645195 1636
00011011111100001111000011110000 252645336 820
00001111111100001111000011110000 252645360 414
11110000101101001111000011110000 252652815 1592
11110000001111001111000011110000 252656655 1320
00001111001111001111000011110000 252656880 282
11110000110000111111000011110000 252691215 1020
00001111110000111111000011110000 252691440 236
11110000010010111111000011110000 252695055 802
11110000100001111111000011110000 252698895 820
11110000000011111111000011110000 252702735 678
00001111000011111111000011110000 252702960 294
01111000010010110111100011110000 253678110 312
10110100111100001011010011110000 254611245 1020
10110100101101001011010011110000 254618925 820
11110000111100000011110011110000 255594255 1020
00001111000011110011110011110000 255652080 72
11110000111100001101001011110000 256577295 1592
11010010111100001101001011110000 256577355 1320
11110000000011110100111011110000 259190799 553
11110000111100000001111011110000 259526415 820
11110000111100001110000111110000 260509455 1332
11110000000011111011000111110000 260960271 487
11110000111100000010110111110000 263458575 676
11010010111100000010110111110000 263458635 462
11110000111100001100001111110000 264441615 1176
00001111000011111100001111110000 264499440 26
01001011000011110100101111110000 265482450 52
11110000111100000000111111110000 267390735 602
11010010111100000000111111110000 267390795 510
00001111111100000000111111110000 267390960 148
11110000010011100000111111110000 267416079 747
11110000101100010000111111110000 267422991 500
11110000000011110000111111110000 267448335 148
11100100000011110000111111110000 267448359 530
00001111000011110000111111110000 267448560 102
01111000011110000111100001111000 505290270 414
01111000010010110111100001111000 505336350 272
01011010011110000101101001111000 509222490 282
01001011100001110100101101111000 517136850 6
01001011000011110100101101111000 517140690 14
01111000011110000111000011111000 521018910 912
01001011010010110111101110000100 568251090 737
00001111101101000011111110000100 570174960 649
00001111010010110011111110000100 570217200 809
10010110100101101011011010010100 695036265 537
11110000111100001111000010110100 755961615 1332
11110000101101001111000010110100 755969295 1176
11110000010010111111000010110100 756011535 530
11110000000011111111000010110100 756019215 572
01111000010010110111100010110100 756994590 132
10110100111100001011010010110100 757927725 676
10110100011110001011010010110100 757931565 462
10110100101101001011010010110100 757935405 602
10110100001111001011010010110100 757939245 510
10110001110000111011000110110100 764265357 601
10110001010010111011000110110100 764269197 602
10110001100001111011000110110100 764273037 599
10110001000011111011000110110100 764276877 590
00111100011011000000111101101100 921712188 1110
00111100001111000011110000111100 1010580540 148
00111001000011110011100100111100 1016918172 515
00111001000011110011100100111100 1016918172 515
01111000010110100111100001011010 1511938590 236
10010110100101101101011010010010 1231776105 469
11110000110100101111000011010010 1259293455 1020
11010010110100101111000011010010 1259293515 802
00011110110100101111000011010010 1259293560 312
00001111110100101111000011010010 1259293680 272
11110000110100101101001011010010 1263225615 820
11010010110100101101001011010010 1263225675 678
11010010110100101110000111010010 1267157835 530
00011110110100101110000111010010 1267157880 132
11010010110100101100001111010010 1271089995 572
10010110100101101001111000010110 1752787305 487
10010110100101101001011010010110 1768515945 148
11010010110100101001001011010110 1799965515 569
10110100101101001001010010110110 1831415085 497
00011110010011101110000101001110 1921479288 1159
00011110010011100010110101001110 1924428408 1416
00011110000111101101001000011110 2018211960 52
00101101000111101101001000011110 2018212020 6
00001111000111101101001000011110 2018212080 14
01011010000111100101101000011110 2019194970 26
00011110000111100001111000011110 2021161080 102
11110000110100100010000111011110 2072267535 715
11010010110100100010000111011110 2072267595 697
11110000110100100000001111011110 2076199695 701
11010010110100100000001111011110 2076199755 680
00001111110100100000001111011110 2076199920 564
11110000001011011111110000100001 2218767375 967
00101101001011011111110000100001 2218767540 868
00001111001011011111110000100001 2218767600 872
00101101001011011101111000100001 2222699700 866
00001111001011011101111000100001 2222699760 879
11100001111000011110000111100001 2273806215 26
10100101111000011010010111100001 2275772325 32
11110000111000010010110111100001 2276755215 42
11010010111000010010110111100001 2276755275 26
11100001111000010010110111100001 2276755335 96
11110000011110001111000011110000 252648975 1636
11100001101100011101001010110001 2370538887 568
01001011010010110110101101001001 2463552210 533
01101001011010010110100101101001 2526451350 128
11100001101001011110000110100101 2777130375 18
10000111101001011000011110100101 2783028705 14
11100001001011010001111000101101 3027809415 14
00101101001011010010110100101101 3031741620 44
11110000001011010000111100101101 3035673615 12
00101101001011010000111100101101 3035673780 32
01101001011010010010100101101101 3063191190 487
01001110101101000100111001001011 3530698098 969
01001011110000110100101101001011 3537028050 6
01001011100001110100101101001011 3537035730 6
10000111101101001000011101001011 3537972705 14
00001111101101000000111101001011 3538955760 14
00001111000011110000111101001011 3539005680 342
11110000101101001100000001111011 3724750095 980
10110100101101001000010001111011 3726716205 784
10110100111100001011010010000111 3777826605 42
10100101100001111010010110000111 3785744805 24
10000111100001111000011110000111 3789677025 52
00011011111100001111000000001111 4027518936 508
00001111010011101111000000001111 4027544304 805
11110000000011111111000000001111 4027576335 128
00001111000011111111000000001111 4027576560 24
11110000111100000011110000001111 4030467855 32
00101101000011111101001000001111 4031508660 6
00001111111100000100111000001111 4034007024 553
00001111000011111110000100001111 4035440880 38
00101101000011110010110100001111 4038389940 296
11110000111100001100001100001111 4039315215 18
01001011010010110100101100001111 4040348370 38
10000111101101001000011100001111 4041289185 24
00001111111100000000111100001111 4042264560 44
00001111101101000000111100001111 4042272240 32
11110000111100000010110111110000 263458575 676
11110000111100001100001111110000 264441615 1176
01001011000011110100101111110000 265482450 52
11010010111100000000111111110000 267390795 510
11110000010011100000111111110000 267416079 747
11110000000011110000111111110000 267448335 148
00001111000011110000111111110000 267448560 102
01111000010010110111100001111000 505336350 272
01001011100001110100101101111000 517136850 6
01111000011110000111000011111000 521018910 912
00001111101101000011111110000100 570174960 649
10010110100101101011011010010100 695036265 537
11110000101101001111000010110100 755969295 1176
11110000000011111111000010110100 756019215 572
10110100111100001011010010110100 757927725 676
10110100101101001011010010110100 757935405 602
10110001110000111011000110110100 764265357 601
10110001100001111011000110110100 764273037 599
00111100011011000000111101101100 921712188 1110
00111001000011110011100100111100 1016918172 515
01111000010110100111100001011010 1511938590 236
11110000110100101111000011010010 1259293455 1020
00011110110100101111000011010010 1259293560 312
11110000110100101101001011010010 1263225615 820
11010010110100101110000111010010 1267157835 530
